{
    "xform_type": "sequence",
    "xform_name": "c1={coeffs[0]:.2f}_c2={coeffs[1]:.2f}_c3={coeffs[2]:.2f}",
    "coeffs": [[0.05,0.05,0.05,0.85],
      [0.05,0.05,0.1,0.8],
      [0.05,0.05,0.18,0.72],
      [0.05,0.05,0.27,0.63],
      [0.05,0.05,0.37,0.53],
      [0.05,0.05,0.49,0.41000000000000003],
      [0.05,0.05,0.62,0.28],
      [0.05,0.05,0.76,0.14],
      [0.05,0.1,0.05,0.8],
      [0.05,0.1,0.1,0.75],
      [0.05,0.1,0.18,0.66999999999999993],
      [0.05,0.1,0.27,0.58],
      [0.05,0.1,0.37,0.48],
      [0.05,0.1,0.49,0.36],
      [0.05,0.1,0.62,0.22999999999999998],
      [0.05,0.1,0.76,0.089999999999999969],
      [0.05,0.18,0.05,0.72],
      [0.05,0.18,0.1,0.67],
      [0.05,0.18,0.18,0.59000000000000008],
      [0.05,0.18,0.27,0.5],
      [0.05,0.18,0.37,0.4],
      [0.05,0.18,0.49,0.28],
      [0.05,0.18,0.62,0.15000000000000002],
      [0.05,0.27,0.05,0.63],
      [0.05,0.27,0.1,0.58],
      [0.05,0.27,0.18,0.5],
      [0.05,0.27,0.27,0.40999999999999992],
      [0.05,0.27,0.37,0.31000000000000005],
      [0.05,0.27,0.49,0.18999999999999995],
      [0.05,0.27,0.62,0.060000000000000053],
      [0.05,0.37,0.05,0.53],
      [0.05,0.37,0.1,0.48],
      [0.05,0.37,0.18,0.4],
      [0.05,0.37,0.27,0.31000000000000005],
      [0.05,0.37,0.37,0.20999999999999996],
      [0.05,0.37,0.49,0.09000000000000008],
      [0.05,0.49,0.05,0.40999999999999992],
      [0.05,0.49,0.1,0.36],
      [0.05,0.49,0.18,0.28],
      [0.05,0.49,0.27,0.18999999999999995],
      [0.05,0.49,0.37,0.089999999999999969],
      [0.05,0.62,0.05,0.27999999999999992],
      [0.05,0.62,0.1,0.22999999999999998],
      [0.05,0.62,0.18,0.14999999999999991],
      [0.05,0.62,0.27,0.059999999999999942],
      [0.05,0.76,0.05,0.1399999999999999],
      [0.05,0.76,0.1,0.089999999999999969],
      [0.1,0.05,0.05,0.8],
      [0.1,0.05,0.1,0.75],
      [0.1,0.05,0.18,0.66999999999999993],
      [0.1,0.05,0.27,0.58],
      [0.1,0.05,0.37,0.48],
      [0.1,0.05,0.49,0.36],
      [0.1,0.05,0.62,0.22999999999999998],
      [0.1,0.05,0.76,0.089999999999999969],
      [0.1,0.1,0.05,0.75],
      [0.1,0.1,0.1,0.7],
      [0.1,0.1,0.18,0.62],
      [0.1,0.1,0.27,0.53],
      [0.1,0.1,0.37,0.42999999999999994],
      [0.1,0.1,0.49,0.31000000000000005],
      [0.1,0.1,0.62,0.17999999999999994],
      [0.1,0.18,0.05,0.66999999999999993],
      [0.1,0.18,0.1,0.62],
      [0.1,0.18,0.18,0.54],
      [0.1,0.18,0.27,0.44999999999999996],
      [0.1,0.18,0.37,0.35],
      [0.1,0.18,0.49,0.22999999999999998],
      [0.1,0.18,0.62,0.099999999999999978],
      [0.1,0.27,0.05,0.58000000000000007],
      [0.1,0.27,0.1,0.53],
      [0.1,0.27,0.18,0.44999999999999996],
      [0.1,0.27,0.27,0.36],
      [0.1,0.27,0.37,0.26],
      [0.1,0.27,0.49,0.14],
      [0.1,0.37,0.05,0.48],
      [0.1,0.37,0.1,0.43000000000000005],
      [0.1,0.37,0.18,0.35000000000000009],
      [0.1,0.37,0.27,0.26],
      [0.1,0.37,0.37,0.16000000000000003],
      [0.1,0.49,0.05,0.36],
      [0.1,0.49,0.1,0.31000000000000005],
      [0.1,0.49,0.18,0.22999999999999998],
      [0.1,0.49,0.27,0.14],
      [0.1,0.62,0.05,0.22999999999999998],
      [0.1,0.62,0.1,0.18000000000000005],
      [0.1,0.62,0.18,0.10000000000000009],
      [0.1,0.76,0.05,0.089999999999999969],
      [0.18,0.05,0.05,0.72],
      [0.18,0.05,0.1,0.67],
      [0.18,0.05,0.18,0.59000000000000008],
      [0.18,0.05,0.27,0.5],
      [0.18,0.05,0.37,0.4],
      [0.18,0.05,0.49,0.28],
      [0.18,0.05,0.62,0.15000000000000002],
      [0.18,0.1,0.05,0.66999999999999993],
      [0.18,0.1,0.1,0.62],
      [0.18,0.1,0.18,0.54],
      [0.18,0.1,0.27,0.44999999999999996],
      [0.18,0.1,0.37,0.35],
      [0.18,0.1,0.49,0.22999999999999998],
      [0.18,0.1,0.62,0.099999999999999978],
      [0.18,0.18,0.05,0.59000000000000008],
      [0.18,0.18,0.1,0.54],
      [0.18,0.18,0.18,0.45999999999999996],
      [0.18,0.18,0.27,0.37],
      [0.18,0.18,0.37,0.27],
      [0.18,0.18,0.49,0.15000000000000002],
      [0.18,0.27,0.05,0.5],
      [0.18,0.27,0.1,0.44999999999999996],
      [0.18,0.27,0.18,0.37],
      [0.18,0.27,0.27,0.28],
      [0.18,0.27,0.37,0.17999999999999994],
      [0.18,0.27,0.49,0.060000000000000053],
      [0.18,0.37,0.05,0.39999999999999991],
      [0.18,0.37,0.1,0.35],
      [0.18,0.37,0.18,0.27],
      [0.18,0.37,0.27,0.17999999999999994],
      [0.18,0.37,0.37,0.07999999999999996],
      [0.18,0.49,0.05,0.28],
      [0.18,0.49,0.1,0.23000000000000009],
      [0.18,0.49,0.18,0.15000000000000013],
      [0.18,0.49,0.27,0.060000000000000053],
      [0.18,0.62,0.05,0.14999999999999991],
      [0.18,0.62,0.1,0.099999999999999978],
      [0.22000000000000003,0.22000000000000003,0.22000000000000003,0.33999999999999986],
      [0.22000000000000003,0.22000000000000003,0.27,0.28999999999999992],
      [0.22000000000000003,0.22000000000000003,0.32,0.24],
      [0.22000000000000003,0.22000000000000003,0.37,0.18999999999999995],
      [0.22000000000000003,0.27,0.22000000000000003,0.28999999999999992],
      [0.22000000000000003,0.27,0.27,0.24],
      [0.22000000000000003,0.27,0.32,0.18999999999999995],
      [0.22000000000000003,0.27,0.37,0.1399999999999999],
      [0.22000000000000003,0.32,0.22000000000000003,0.24],
      [0.22000000000000003,0.32,0.27,0.18999999999999995],
      [0.22000000000000003,0.32,0.32,0.1399999999999999],
      [0.22000000000000003,0.32,0.37,0.089999999999999969],
      [0.22000000000000003,0.37,0.22000000000000003,0.18999999999999995],
      [0.22000000000000003,0.37,0.27,0.1399999999999999],
      [0.22000000000000003,0.37,0.32,0.089999999999999858],
      [0.27,0.05,0.05,0.63],
      [0.27,0.05,0.1,0.58],
      [0.27,0.05,0.18,0.5],
      [0.27,0.05,0.27,0.40999999999999992],
      [0.27,0.05,0.37,0.31000000000000005],
      [0.27,0.05,0.49,0.18999999999999995],
      [0.27,0.05,0.62,0.060000000000000053],
      [0.27,0.1,0.05,0.58000000000000007],
      [0.27,0.1,0.1,0.53],
      [0.27,0.1,0.18,0.44999999999999996],
      [0.27,0.1,0.27,0.36],
      [0.27,0.1,0.37,0.26],
      [0.27,0.1,0.49,0.14],
      [0.27,0.18,0.05,0.5],
      [0.27,0.18,0.1,0.44999999999999996],
      [0.27,0.18,0.18,0.37],
      [0.27,0.18,0.27,0.28],
      [0.27,0.18,0.37,0.17999999999999994],
      [0.27,0.18,0.49,0.060000000000000053],
      [0.27,0.22000000000000003,0.22000000000000003,0.28999999999999992],
      [0.27,0.22000000000000003,0.27,0.24],
      [0.27,0.22000000000000003,0.32,0.18999999999999995],
      [0.27,0.22000000000000003,0.37,0.1399999999999999],
      [0.27,0.27,0.05,0.40999999999999992],
      [0.27,0.27,0.1,0.36],
      [0.27,0.27,0.18,0.28],
      [0.27,0.27,0.22000000000000003,0.24],
      [0.27,0.27,0.27,0.18999999999999995],
      [0.27,0.27,0.32,0.1399999999999999],
      [0.27,0.27,0.37,0.089999999999999969],
      [0.27,0.32,0.22000000000000003,0.18999999999999995],
      [0.27,0.32,0.27,0.1399999999999999],
      [0.27,0.32,0.32,0.089999999999999858],
      [0.27,0.37,0.05,0.30999999999999994],
      [0.27,0.37,0.1,0.26],
      [0.27,0.37,0.18,0.17999999999999994],
      [0.27,0.37,0.22000000000000003,0.1399999999999999],
      [0.27,0.37,0.27,0.089999999999999969],
      [0.27,0.49,0.05,0.18999999999999995],
      [0.27,0.49,0.1,0.14],
      [0.27,0.49,0.18,0.060000000000000053],
      [0.27,0.62,0.05,0.059999999999999942],
      [0.32,0.22000000000000003,0.22000000000000003,0.24],
      [0.32,0.22000000000000003,0.27,0.18999999999999995],
      [0.32,0.22000000000000003,0.32,0.1399999999999999],
      [0.32,0.22000000000000003,0.37,0.089999999999999969],
      [0.32,0.27,0.22000000000000003,0.18999999999999995],
      [0.32,0.27,0.27,0.1399999999999999],
      [0.32,0.27,0.32,0.089999999999999858],
      [0.32,0.32,0.22000000000000003,0.1399999999999999],
      [0.32,0.32,0.27,0.089999999999999969],
      [0.32,0.37,0.22000000000000003,0.09000000000000008],
      [0.37,0.05,0.05,0.53],
      [0.37,0.05,0.1,0.48],
      [0.37,0.05,0.18,0.4],
      [0.37,0.05,0.27,0.31000000000000005],
      [0.37,0.05,0.37,0.20999999999999996],
      [0.37,0.05,0.49,0.09000000000000008],
      [0.37,0.1,0.05,0.48],
      [0.37,0.1,0.1,0.43000000000000005],
      [0.37,0.1,0.18,0.35000000000000009],
      [0.37,0.1,0.27,0.26],
      [0.37,0.1,0.37,0.16000000000000003],
      [0.37,0.18,0.05,0.39999999999999991],
      [0.37,0.18,0.1,0.35],
      [0.37,0.18,0.18,0.27],
      [0.37,0.18,0.27,0.17999999999999994],
      [0.37,0.18,0.37,0.07999999999999996],
      [0.37,0.22000000000000003,0.22000000000000003,0.18999999999999995],
      [0.37,0.22000000000000003,0.27,0.1399999999999999],
      [0.37,0.22000000000000003,0.32,0.089999999999999858],
      [0.37,0.27,0.05,0.30999999999999994],
      [0.37,0.27,0.1,0.26],
      [0.37,0.27,0.18,0.17999999999999994],
      [0.37,0.27,0.22000000000000003,0.1399999999999999],
      [0.37,0.27,0.27,0.089999999999999969],
      [0.37,0.32,0.22000000000000003,0.09000000000000008],
      [0.37,0.37,0.05,0.20999999999999996],
      [0.37,0.37,0.1,0.16000000000000003],
      [0.37,0.37,0.18,0.080000000000000071],
      [0.37,0.49,0.05,0.089999999999999969],
      [0.49,0.05,0.05,0.40999999999999992],
      [0.49,0.05,0.1,0.36],
      [0.49,0.05,0.18,0.28],
      [0.49,0.05,0.27,0.18999999999999995],
      [0.49,0.05,0.37,0.089999999999999969],
      [0.49,0.1,0.05,0.36],
      [0.49,0.1,0.1,0.31000000000000005],
      [0.49,0.1,0.18,0.22999999999999998],
      [0.49,0.1,0.27,0.14],
      [0.49,0.18,0.05,0.28],
      [0.49,0.18,0.1,0.23000000000000009],
      [0.49,0.18,0.18,0.15000000000000013],
      [0.49,0.18,0.27,0.060000000000000053],
      [0.49,0.27,0.05,0.18999999999999995],
      [0.49,0.27,0.1,0.14],
      [0.49,0.27,0.18,0.060000000000000053],
      [0.49,0.37,0.05,0.089999999999999969],
      [0.62,0.05,0.05,0.27999999999999992],
      [0.62,0.05,0.1,0.22999999999999998],
      [0.62,0.05,0.18,0.14999999999999991],
      [0.62,0.05,0.27,0.059999999999999942],
      [0.62,0.1,0.05,0.22999999999999998],
      [0.62,0.1,0.1,0.18000000000000005],
      [0.62,0.1,0.18,0.10000000000000009],
      [0.62,0.18,0.05,0.14999999999999991],
      [0.62,0.18,0.1,0.099999999999999978],
      [0.62,0.27,0.05,0.059999999999999942],
      [0.76,0.05,0.05,0.1399999999999999],
      [0.76,0.05,0.1,0.089999999999999969],
      [0.76,0.1,0.05,0.089999999999999969]]
}
